88.0383
96.9809
69.4859
78.8432
79.7162
86.8468
109.134
60.4023
50.3303
60.9698
58.5098
63.0527
96.9524
64.7075
107.81
81.6918
59.5695
110.91
90.2565
54.4577
112.393
93.7018
64.6441
86.6343
62.973
89.3607
57.5864
50.4072
65.3788
71.5196
118.504
116.513
106.818
58.8658
62.0359
55.5292
107.136
71.7947
69.1852
94.2669
80.2193
98.9551
115.802
94.9375
107.235
114.402
73.5278
70.9213
62.2787
89.8122
76.0982
62.5037
50.3982
87.2802
67.6698
95.2684
105.696
59.9446
51.0678
90.6972
91.919
83.5433
92.2663
77.0493
57.3603
80.8325
76.736
78.333
52.5533
80.9578
112.329
52.1086
118.664
104.32
54.1959
88.5671
112.338
76.6751
90.3831
87.0486
101.974
116.981
94.1129
62.3075
90.729
58.2812
51.4307
110.406
64.7019
55.2407
88.1279
107.757
103.838
108.529
67.5487
55.2776
70.0127
50.7981
109.668
53.3894
118.25
74.9986
111.94
96.5985
75.1655
50.7973
91.9201
57.5542
74.8357
113.071
73.8133
105.642
62.4657
106.802
66.6386
94.8195
53.1404
93.7346
85.3802
60.1855
76.3377
89.9151
91.4964
54.5579
94.0959
71.9389
59.982
65.1946
115.369
86.8865
116.247
79.8976
92.1608
118.784
77.1436
59.8316
75.4232
102.389
64.3042
105.219
69.3736
101.128
67.2575
109.193
62.1526
88.9333
117.663
53.9804
116.991
112.071
91.8582
72.0092
101.191
89.2274
73.827
67.781
56.4439
115.447
82.4449
52.3971
85.6089
98.0581
56.1922
80.7254
86.9625
118.44
119.451
83.4169
77.6525
66.7267
73.4918
115.265
106.382
59.5701
102.804
62.0349
71.9147
85.2138
94.3826
53.9097
87.8283
70.8367
70.7756
114.94
57.7552
77.0617
71.8848
82.3488
81.9885
90.504
96.1258
57.9744
67.798
75.789
94.8771
75.2524
64.0087
111.601
96.0337
69.2179
104.48
65.7207
104.572
106.978
92.723
54.0741
71.63
101.111
98.8414
52.2875
110.173
91.9991
93.7727
52.1379
118.769
110.172
118.355
80.7846
61.6686
89.2311
51.6225
107.218
61.2521
56.2304
114.645
99.1041
116.748
76.99
64.7685
51.2196
75.2368
53.5677
88.4563
80.455
69.0282
118.379
82.2421
56.5648
98.7313
88.6064
85.0249
95.0172
100.125
80.8178
86.8169
105.221
50.0979
99.312
77.629
100.432
84.4517
84.7744
78.2016
101.352
74.8009
111.217
85.043
89.193
81.1624
97.629
56.3303
75.7902
69.1494
91.379
116.043
83.5344
51.8581
81.5292
52.7999
67.2582
69.8198
105.069
90.7641
80.8378
119.362
99.0085
119.485
107.474
119.518
76.0215
57.7034
116.677
96.5137
118.28
86.6791
79.8853
62.1205
84.8553
116.007
96.6773
66.9302
66.3532
119.925
88.5015
90.7886
119.235
62.8295
53.8323
77.0792
93.1905
63.2771
57.8632
78.7539
82.3742
91.6276
101.441
100.161
73.5258
84.0824
88.2295
71.6713
116.681
90.4209
57.9908
80.9195
118.765
75.1775
101.968
72.4932
109.365
64.5745
101.258
81.5881
68.339
84.429
116.398
112.935
68.9157
101.055
118.068
103.906
97.4122
76.2807
106.686
74.0618
81.0148
95.8525
57.6469
99.7727
117.927
57.9476
77.1936
59.312
81.2577
81.9227
63.3809
61.1815
112.381
117.315
83.1959
108.633
64.8666
86.4112
92.6404
65.2791
86.2392
59.4443
78.2073
118.535
72.6114
99.493
91.2002
110.198
77.2147
77.1021
81.5665
67.5584
67.2845
70.9607
90.5705
109.983
116.912
83.1089
91.6108
96.4294
69.9538
106.401
55.2338
67.7086
89.3666
55.5701
63.1421
101.293
90.118
117.298
59.4826
116.766
76.2939
84.3349
73.1008
94.2534
88.3456
101.31
63.8579
113.169
67.6085
61.3573
106.657
78.4117
114.807
79.1964
112.992
98.6914
80.4182
79.7393
51.4942
110.068
104.957
109.285
62.7808
54.9139
90.3506
71.1227
74.9451
118.574
103.401
52.4939
87.2969
84.4675
75.4839
116.666
78.7888
106.74
67.2372
70.6031
57.8425
91.7363
64.9084
80.1824
98.9713
91.4678
114.684
112.563
112.353
88.7815
74.8511
84.5007
107.622
72.3489
76.7047
68.4356
52.3806
87.9596
112.105
55.7585
84.8011
94.4946
51.8312
105.748
112.427
116.832
119.481
97.9237
69.6175
84.1805
81.2554
83.979
109.614
117.669
83.2031
64.7944
69.4224
78.8154
108.916
119.277
63.6587
51.9888
109.942
99.0929
71.5454
51.762
58.0378
72.4617
66.2437
55.1469
63.3079
54.2619
112.781
57.7984
99.9007
61.8488
69.0624
93.938
73.1983
80.6875
59.3414
108.163
83.0255
66.7855
111.284
63.3037
96.0064
99.833
101.728
110.081
108.19
89.1339
105.281
99.3094
103.015
92.3578
91.4894
89.1452
65.2998
110.228
84.161
114.383
93.4662
109.473
116.887
67.8127
67.2268
111.429
55.5677
80.4591
84.8871
101.065
80.5037
78.8849
70.9463
63.3585
84.25
99.4214
112.452
66.8443
85.5205
109.593
75.2299
107.687
113.272
86.7648
100.27
77.0439
95.1842
91.3617
67.59
59.6267
59.7493
106.579
102.979
117.608
89.6104
104.586
60.3654
66.7535
116.472
110.708
66.2228
106.568
119.53
54.4577
106.655
66.186
93.3106
91.278
61.1754
59.6241
105.106
97.4908
114.642
119.453
56.2643
70.0026
62.1406
103.264
105.594
53.2569
101.41
73.2775
109.628
116.119
91.1397
94.5562
57.7349
92.1294
86.0493
114.973
57.7318
62.7176
101.905
51.2476
68.6036
63.3051
94.5721
86.531
50.7904
84.7075
80.8307
106.034
112.683
110.161
55.7985
64.9069
106.784
80.6088
79.7008
79.5132
60.598
53.8302
52.384
50.6954
105.662
105.284
59.2999
69.2719
100.051
100.242
99.3161
79.4949
84.8257
60.0335
57.2395
63.4765
85.9914
71.9671
93.9378
106.362
86.2193
50.8838
68.5286
53.4374
56.0687
89.62
100.388
98.0767
64.2759
100.877
75.3165
83.5786
104.438
75.736
111.673
108.798
71.1956
81.7914
60.5268
72.4956
101.671
56.4904
113.851
54.2307
115.538
56.3666
51.4455
97.7895
83.0917
97.6515
53.2223
67.0222
53.7594
94.8323
94.645
54.8397
55.1106
111.104
119.4
57.6725
104.567
61.8339
98.9743
82.7165
59.0299
104.316
69.0186
109.811
91.9995
64.7271
93.3052
55.3649
89.4062
105.224
95.6942
88.325
66.398
105.038
72.1225
114.403
102.193
83.6681
111.09
82.1688
83.798
91.9285
75.7609
91.9523
56.7581
85.3061
98.168
71.4815
52.3902
87.8947
54.7941
114.745
113.666
117.939
88.9952
77.7056
70.6515
105.912
101.318
94.4562
68.96
66.0978
110.885
53.5845
96.3084
51.9925
77.6186
58.5993
60.5302
65.4149
107.455
108.032
82.342
69.9844
83.3527
104.674
91.5205
85.3266
103.62
59.6914
119.534
104.463
74.8654
114.493
54.2373
116.011
67.7496
99.3105
66.1445
98.5742
101.353
88.2586
93.7126
75.8452
99.9711
118.773
99.9469
54.5926
62.0904
112.837
73.9893
68.4752
99.3574
90.2133
71.5082
85.9006
68.9971
88.8134
78.5675
95.3017
113.968
62.9832
66.1702
69.0385
95.3514
60.3907
77.2724
52.1213
114.827
115.748
86.1349
74.2728
86.8806
57.6695
68.1383
76.4829
105.912
76.8856
75.4805
96.5797
88.4952
67.1144
53.3657
96.3037
79.0592
56.8945
56.0698
90.6604
69.0177
57.4806
66.673
88.3778
75.0303
86.3826
73.3183
70.7364
67.9218
81.901
106.599
52.7067
83.702
91.9302
54.5963
50.0341
102.56
85.127
79.6791
85.1208
59.219
54.2469
102.091
116.489
116.022
92.6061
61.5721
97.0402
79.9939
82.3941
115.019
99.2991
101.378
62.6747
71.1939
95.3308
87.4387
89.7676
95.3542
116.79
104.22
105.768
104.77
90.9717
55.921
81.8748
57.9856
101.692
96.6242
106.857
107.914
114.91
85.6036
107.846
78.6148
52.097
83.4053
104.096
115.463
86.5244
70.5061
111.977
59.3379
82.0993
57.2702
87.8506
95.5316
113.544
93.7575
88.9417
96.8685
63.098
113.084
97.6778
68.6518
50.9693
96.0003
76.6064
102.395
106.608
115.418
90.3288
112.789
60.6249
74.0536
73.0898
85.5685
116.624
67.3208
52.1269
84.0804
104.472
106.323
62.6969
89.4401
64.956
81.8527
95.6817
73.9389
60.0864
93.6368
76.6705
64.8652
78.4014
59.313
96.1276
82.1207
85.8276
78.3293
83.781
64.3796
86.6815
63.1706
106.44
51.7594
106.307
68.9628
60.339
117.08
119.542
119.247
54.7437
86.696
119.707
58.1885
58.6415
68.9158
54.335
67.0438
99.2825
79.8864
117.269
97.3844
99.8506
65.4349
96.4157
89.2787
59.3572
100.419
62.6242
110.872
60.9701
110.781
56.3331
57.1047
118.031
73.6292
85.6903
85.1646
81.5614
83.2851
73.0791
67.7291
84.5458
51.7165
60.0521
116.925
60.5644
88.1996
107.074
98.0097
64.7897
78.7495
56.058
111.785
77.108
101.253
112.538
79.2244
80.005
90.0623
103.641
83.0479
119.669
51.1048
51.4044
68.5041
57.5739
79.7913
98.632
113.877
112.346
68.4489
84.4733
68.976
54.9188
51.5406
56.1906
57.9344
57.4346
101.312
64.0881
76.4678
111.415
79.7121
116.026
67.0813
59.4945
69.2089
110.111
67.2161
103.001
78.3418
98.032
57.7231
109.948
57.1066
66.1614
80.9263
86.3537
94.3713
74.0333
117.06
96.1141
109.25
69.7953
76.2165
85.1727
59.4563
71.2294
93.9492
